question,worker,answer
351_FBIS3-10411,input.att98atc,0
351_FBIS3-10411,input.uoftimgr,0
351_FBIS3-10411,input.KD71010q,0
351_FBIS3-10411,input.ibmg98b,0
351_FBIS3-10411,input.mds98t2,0
351_FBIS3-10411,input.Brkly25,0
351_FBIS3-10411,input.ok7as,0
351_FBIS3-10411,input.Cor7A2rrd,0
351_FBIS3-10411,input.CLARIT98COMB,0
351_FBIS3-10411,input.ic98san3,0
351_FBIS3-10411,input.ok7am,0
351_FBIS3-10411,input.ibms98c,0
351_FBIS3-10411,input.iowacuhk1,0
351_FBIS3-10411,input.jalbse011,0
351_FBIS3-10411,input.uoftimgu,0
351_FBIS3-10411,input.tno7cbm25,0
351_FBIS3-10411,input.LNmanual7,0
351_FBIS3-10411,input.ibms98a,0
351_FBIS3-10411,input.ibmg98c,0
351_FBIS3-10411,input.nsasgrp3,0
351_FBIS3-10411,input.nthu1,0
351_FBIS3-10411,input.gersh1,0
351_FBIS3-10411,input.ic98san4,0
351_FBIS3-10411,input.MerAdRbtnd,0
351_FBIS3-10411,input.CLARIT98CLUS,0
351_FBIS3-10411,input.mds98td,0
351_FBIS3-10411,input.ScaiTrec7,0
351_FBIS3-10411,input.KD70000,0
351_FBIS3-10411,input.uwmt7a1,0
351_FBIS3-10411,input.Brkly24,0
351_FBIS3-10411,input.tno7tw4,0
351_FBIS3-10411,input.INQ501,0
351_FBIS3-10411,input.t7miti1,0
351_FBIS3-10411,input.ibms98b,0
351_FBIS3-10411,input.mds98t,0
351_FBIS3-10411,input.acsys7as,0
351_FBIS3-10411,input.ibmg98a,0
351_FBIS3-10411,input.acsys7al,0
351_FBIS3-10411,input.nectitechdes,0
351_FBIS3-10411,input.gersh3,0
351_FBIS3-10411,input.dsir07a01,1
351_FBIS3-10411,input.kslsV1,0
351_FBIS3-10411,input.uwmt7a2,0
351_FBIS3-10411,input.nttdata7At1,0
351_FBIS3-10411,input.gersh2,0
351_FBIS3-10411,input.pirc8At,0
351_FBIS3-10411,input.jalbse013,0
351_FBIS3-10411,input.INQ502,0
351_FBIS3-10411,input.LNaTitDesc7,0
351_FBIS3-10411,input.umd98a1,0
351_FBIS3-10411,input.fsclt7m,0
351_FBIS3-10411,input.CLARIT98RANK,0
351_FBIS3-10411,input.tno7exp1,0
351_FBIS3-10411,input.LIAClass,0
351_FBIS3-10411,input.APL985L,0
351_FBIS3-10411,input.Brkly26,0
351_FBIS3-10411,input.att98atdc,0
351_FBIS3-10411,input.fub98a,0
351_FBIS3-10411,input.AntHoc01,0
351_FBIS3-10411,input.nectitech,0
351_FBIS3-10411,input.nthu3,0
351_FBIS3-10411,input.harris1,0
351_FBIS3-10411,input.jalbse012,0
351_FBIS3-10411,input.unc7aal2,0
351_FBIS3-10411,input.ETHAR0,0
351_FBIS3-10411,input.iit98au1,0
351_FBIS3-10411,input.acsys7mi,0
351_FBIS3-10411,input.LNaTit7,0
351_FBIS3-10411,input.fub98b,0
351_FBIS3-10411,input.uwmt7a0,0
351_FBIS3-10411,input.nsasgrp4,0
351_FBIS3-10411,input.nectitechall,0
351_FBIS3-10411,input.LIArel2,0
351_FBIS3-10411,input.pirc8Ad,0
351_FBIS3-10411,input.dsir07a02,1
351_FBIS3-10411,input.umd98a2,0
351_FBIS3-10411,input.iit98au2,0
351_FBIS3-10411,input.FLab7at,0
351_FBIS3-10411,input.lanl981,0
351_FBIS3-10411,input.nttdata7Al0,0
351_FBIS3-10433,input.Brkly25,0
351_FBIS3-10433,input.jalbse013,0
351_FBIS3-10433,input.FLab7ad,0
351_FBIS3-10433,input.CLARIT98RANK,0
351_FBIS3-10433,input.gersh2,0
351_FBIS3-10433,input.fsclt7m,0
351_FBIS3-10433,input.uoftimgr,1
351_FBIS3-10433,input.LNaTitDesc7,0
351_FBIS3-10433,input.iowacuhk1,0
351_FBIS3-10433,input.tno7exp1,0
351_FBIS3-10433,input.nthu1,0
351_FBIS3-10433,input.harris1,0
351_FBIS3-10433,input.nttdata7At1,0
351_FBIS3-10433,input.nthu3,0
351_FBIS3-10433,input.pirc8At,0
351_FBIS3-10433,input.nectitech,0
351_FBIS3-10433,input.fub98b,0
351_FBIS3-10433,input.gersh3,0
351_FBIS3-10433,input.ok7as,1
351_FBIS3-10433,input.ETHAC0,0
351_FBIS3-10433,input.APL985LC,0
351_FBIS3-10433,input.uwmt7a1,0
351_FBIS3-10433,input.ok7am,1
351_FBIS3-10433,input.umd98a2,0
351_FBIS3-10433,input.iit98au1,0
351_FBIS3-10433,input.tno7tw4,0
351_FBIS3-10433,input.kslsV1,0
351_FBIS3-10433,input.Cor7A2rrd,0
351_FBIS3-10433,input.Cor7A1clt,0
351_FBIS3-10433,input.APL985SC,0
351_FBIS3-10433,input.Cor7A3rrf,0
351_FBIS3-10433,input.mds98t,0
351_FBIS3-10433,input.fsclt7a,0
351_FBIS3-10433,input.ibms98b,0
351_FBIS3-10433,input.nsasgrp4,0
351_FBIS3-10433,input.APL985L,0
351_FBIS3-10433,input.LIArel2,0
351_FBIS3-10433,input.iit98ma1,0
351_FBIS3-10433,input.LNaTit7,0
351_FBIS3-10433,input.acsys7mi,0
351_FBIS3-10433,input.FLab7at,0
351_FBIS3-10433,input.nsasgrp3,0
351_FBIS3-10433,input.unc7aal2,0
351_FBIS3-10433,input.CLARIT98CLUS,0
351_FBIS3-10433,input.t7miti1,0
351_FBIS3-10433,input.iit98au2,0
351_FBIS3-10433,input.MerTetAdtnd,0
351_FBIS3-10433,input.AntHoc01,0
351_FBIS3-10433,input.Brkly26,0
351_FBIS3-10433,input.KD71010q,0
351_FBIS3-10433,input.LNmanual7,0
351_FBIS3-10433,input.att98atc,0
351_FBIS3-10433,input.MerAdRbtnd,0
351_FBIS3-10433,input.Brkly24,0
351_FBIS3-10433,input.ibmg98a,0
351_FBIS3-10433,input.ibms98c,0
351_FBIS3-10433,input.bbn1,0
351_FBIS3-10433,input.jalbse012,0
351_FBIS3-10433,input.jalbse011,0
351_FBIS3-10433,input.CLARIT98COMB,0
351_FBIS3-10433,input.dsir07a01,0
351_FBIS3-10433,input.ETHAR0,0
351_FBIS3-10433,input.ic98san4,0
351_FBIS3-10433,input.lanl981,0
351_FBIS3-10433,input.uwmt7a0,0
351_FBIS3-10433,input.umd98a1,0
351_FBIS3-10433,input.nectitechdes,0
351_FBIS3-10433,input.pirc8Aa2,0
351_FBIS3-10433,input.nttdata7Al0,0
351_FBIS3-10433,input.ibmg98b,0
351_FBIS3-10433,input.FLab7atE,0
351_FBIS3-10433,input.MerAdRbtd,0
351_FBIS3-10433,input.ic98san3,0
351_FBIS3-10433,input.KD70000,0
351_FBIS3-10433,input.tno7cbm25,0
351_FBIS3-10433,input.iowacuhk2,0
351_FBIS3-10433,input.uwmt7a2,0
351_FBIS3-10433,input.LIAClass,0
351_FBIS3-10433,input.nthu2,0
351_FBIS3-10433,input.att98atdc,0
351_FBIS3-10646,input.ok7am,1
351_FBIS3-10646,input.pirc8Aa2,0
351_FBIS3-10646,input.KD71010s,0
351_FBIS3-10646,input.kslsV1,0
351_FBIS3-10646,input.gersh1,0
351_FBIS3-10646,input.ok7ax,1
351_FBIS3-10646,input.Brkly25,0
351_FBIS3-10646,input.nectitechdes,0
351_FBIS3-10646,input.fsclt7a,0
351_FBIS3-10646,input.Brkly26,1
351_FBIS3-10646,input.dsir07a01,0
351_FBIS3-10646,input.nsasgrp4,0
351_FBIS3-10646,input.fub98a,0
351_FBIS3-10646,input.LNaTit7,0
351_FBIS3-10646,input.ETHAC0,0
351_FBIS3-10646,input.tno7tw4,0
351_FBIS3-10646,input.fub98b,0
351_FBIS3-10646,input.nectitech,0
351_FBIS3-10646,input.INQ502,0
351_FBIS3-10646,input.ScaiTrec7,0
351_FBIS3-10646,input.ibms98c,0
351_FBIS3-10646,input.mds98td,0
351_FBIS3-10646,input.AntHoc01,0
351_FBIS3-10646,input.nthu2,0
351_FBIS3-10646,input.nttdata7Al2,0
351_FBIS3-10646,input.CLARIT98RANK,0
351_FBIS3-10646,input.nthu1,0
351_FBIS3-10646,input.jalbse013,0
351_FBIS3-10646,input.fsclt7m,0
351_FBIS3-10646,input.ibms98b,0
351_FBIS3-10646,input.iit98au2,0
351_FBIS3-10646,input.APL985L,0
351_FBIS3-10646,input.LNaTitDesc7,0
351_FBIS3-10646,input.FLab7atE,0
351_FBIS3-10646,input.att98atdc,0
351_FBIS3-10646,input.MerAdRbtd,0
351_FBIS3-10646,input.LNmanual7,0
351_FBIS3-10646,input.iit98au1,0
351_FBIS3-10646,input.FLab7ad,0
351_FBIS3-10646,input.CLARIT98CLUS,0
351_FBIS3-10646,input.uwmt7a0,0
351_FBIS3-10646,input.iowacuhk2,0
351_FBIS3-10646,input.acsys7al,0
351_FBIS3-10646,input.t7miti1,1
351_FBIS3-10646,input.ETHAR0,0
351_FBIS3-10646,input.att98atc,0
351_FBIS3-10646,input.FLab7at,0
351_FBIS3-10646,input.uwmt7a2,1
351_FBIS3-10646,input.mds98t,0
351_FBIS3-10646,input.jalbse011,0
351_FBIS3-10646,input.unc7aal2,0
351_FBIS3-10646,input.Cor7A2rrd,0
351_FBIS3-10646,input.KD70000,0
351_FBIS3-10646,input.acsys7mi,0
351_FBIS3-10646,input.APL985LC,0
351_FBIS3-10646,input.ETHAB0,0
351_FBIS3-10646,input.MerAdRbtnd,0
351_FBIS3-10646,input.LIAshort2,0
351_FBIS3-10646,input.ic98san4,0
351_FBIS3-10646,input.nsasgrp3,0
351_FBIS3-10646,input.mds98t2,0
351_FBIS3-10646,input.umd98a1,0
351_FBIS3-10646,input.ibmg98c,0
351_FBIS3-10646,input.MerTetAdtnd,0
351_FBIS3-10646,input.bbn1,0
351_FBIS3-10646,input.acsys7as,0
351_FBIS3-10646,input.nttdata7Al0,0
351_FBIS3-10646,input.att98atde,0
351_FBIS3-10646,input.nttdata7At1,0
351_FBIS3-10646,input.Brkly24,0
351_FBIS3-10646,input.nectitechall,0
351_FBIS3-10646,input.pirc8At,0
351_FBIS3-10646,input.KD71010q,0
351_FBIS3-10646,input.unc7aal1,0
351_FBIS3-10646,input.Cor7A1clt,0
351_FBIS3-10646,input.tno7cbm25,0
351_FBIS3-10646,input.ok7as,1
351_FBIS3-10646,input.dsir07a02,0
351_FBIS3-10646,input.ic98san3,0
351_FBIS3-10646,input.CLARIT98COMB,0
351_FBIS3-11106,input.ibms98c,0
351_FBIS3-11106,input.ok7as,0
351_FBIS3-11106,input.acsys7al,0
351_FBIS3-11106,input.gersh3,0
351_FBIS3-11106,input.Cor7A1clt,0
351_FBIS3-11106,input.uwmt7a0,0
351_FBIS3-11106,input.Cor7A2rrd,0
351_FBIS3-11106,input.ibmg98b,0
351_FBIS3-11106,input.AntHoc01,0
351_FBIS3-11106,input.pirc8Ad,0
351_FBIS3-11106,input.jalbse013,0
351_FBIS3-11106,input.nsasgrp4,0
351_FBIS3-11106,input.fub98b,0
351_FBIS3-11106,input.mds98t2,0
351_FBIS3-11106,input.ETHAR0,0
351_FBIS3-11106,input.umd98a2,0
351_FBIS3-11106,input.tno7tw4,0
351_FBIS3-11106,input.INQ501,0
351_FBIS3-11106,input.LNaTit7,0
351_FBIS3-11106,input.APL985L,0
351_FBIS3-11106,input.KD71010q,0
351_FBIS3-11106,input.MerAdRbtd,0
351_FBIS3-11106,input.nthu2,0
351_FBIS3-11106,input.unc7aal2,0
351_FBIS3-11106,input.nttdata7Al0,0
351_FBIS3-11106,input.FLab7atE,0
351_FBIS3-11106,input.jalbse012,0
351_FBIS3-11106,input.iit98au2,0
351_FBIS3-11106,input.ibms98a,0
351_FBIS3-11106,input.uwmt7a1,0
351_FBIS3-11106,input.nectitechdes,0
351_FBIS3-11106,input.nthu3,0
351_FBIS3-11106,input.Cor7A3rrf,0
351_FBIS3-11106,input.nectitechall,0
351_FBIS3-11106,input.APL985LC,0
351_FBIS3-11106,input.Brkly26,0
351_FBIS3-11106,input.nsasgrp3,0
351_FBIS3-11106,input.att98atde,0
351_FBIS3-11106,input.LIAshort2,0
351_FBIS3-11106,input.MerTetAdtnd,0
351_FBIS3-11106,input.nectitech,0
351_FBIS3-11106,input.nttdata7Al2,0
351_FBIS3-11106,input.CLARIT98CLUS,0
351_FBIS3-11106,input.fub98a,0
351_FBIS3-11106,input.iowacuhk1,0
351_FBIS3-11106,input.Brkly24,0
351_FBIS3-11106,input.jalbse011,0
351_FBIS3-11106,input.nthu1,0
351_FBIS3-11106,input.INQ502,0
351_FBIS3-11106,input.umd98a1,0
351_FBIS3-11106,input.ETHAB0,0
351_FBIS3-11106,input.tno7exp1,0
351_FBIS3-11106,input.FLab7at,0
351_FBIS3-11106,input.att98atc,0
351_FBIS3-11106,input.fsclt7a,0
351_FBIS3-11106,input.bbn1,0
351_FBIS3-11106,input.kslsV1,0
351_FBIS3-11106,input.uoftimgr,0
351_FBIS3-11106,input.pirc8At,0
351_FBIS3-11106,input.CLARIT98COMB,0
351_FBIS3-11106,input.uwmt7a2,0
351_FBIS3-11106,input.KD71010s,0
351_FBIS3-11106,input.gersh2,0
351_FBIS3-11106,input.uoftimgu,0
351_FBIS3-11106,input.tno7cbm25,0
351_FBIS3-11106,input.INQ503,0
351_FBIS3-11106,input.ETHAC0,0
351_FBIS3-11106,input.att98atdc,0
351_FBIS3-11106,input.gersh1,0
351_FBIS3-11106,input.pirc8Aa2,0
351_FBIS3-11106,input.nttdata7At1,0
351_FBIS3-11106,input.dsir07a02,0
351_FBIS3-11106,input.t7miti1,0
351_FBIS3-11106,input.ic98san3,0
351_FBIS3-11106,input.LNaTitDesc7,0
351_FBIS3-11106,input.iit98ma1,0
351_FBIS3-11106,input.FLab7ad,0
351_FBIS3-11106,input.CLARIT98RANK,0
351_FBIS3-11106,input.dsir07a01,0
351_FBIS3-11106,input.acsys7mi,0
351_FBIS3-11107,input.lanl981,0
351_FBIS3-11107,input.FLab7at,0
351_FBIS3-11107,input.fub98b,1
351_FBIS3-11107,input.AntHoc01,0
351_FBIS3-11107,input.nsasgrp3,0
351_FBIS3-11107,input.INQ501,1
351_FBIS3-11107,input.acsys7mi,0
351_FBIS3-11107,input.KD71010s,0
351_FBIS3-11107,input.ibmg98a,0
351_FBIS3-11107,input.ok7am,1
351_FBIS3-11107,input.nectitech,0
351_FBIS3-11107,input.bbn1,0
351_FBIS3-11107,input.pirc8Aa2,0
351_FBIS3-11107,input.ibmg98b,0
351_FBIS3-11107,input.nthu2,0
351_FBIS3-11107,input.att98atdc,0
351_FBIS3-11107,input.FLab7atE,0
351_FBIS3-11107,input.LNmanual7,0
351_FBIS3-11107,input.att98atc,1
351_FBIS3-11107,input.uwmt7a1,0
351_FBIS3-11107,input.LIAshort2,0
351_FBIS3-11107,input.nsasgrp4,1
351_FBIS3-11107,input.harris1,1
351_FBIS3-11107,input.iit98au2,0
351_FBIS3-11107,input.FLab7ad,0
351_FBIS3-11107,input.nttdata7Al2,0
351_FBIS3-11107,input.jalbse011,0
351_FBIS3-11107,input.APL985SC,0
351_FBIS3-11107,input.nthu3,0
351_FBIS3-11107,input.MerAdRbtnd,0
351_FBIS3-11107,input.fsclt7a,0
351_FBIS3-11107,input.MerTetAdtnd,0
351_FBIS3-11107,input.KD70000,0
351_FBIS3-11107,input.iit98ma1,0
351_FBIS3-11107,input.ok7ax,1
351_FBIS3-11107,input.tno7exp1,1
351_FBIS3-11107,input.uwmt7a0,0
351_FBIS3-11107,input.CLARIT98CLUS,1
351_FBIS3-11107,input.umd98a2,0
351_FBIS3-11107,input.nttdata7At1,0
351_FBIS3-11107,input.nthu1,0
351_FBIS3-11107,input.INQ503,1
351_FBIS3-11107,input.iowacuhk2,1
351_FBIS3-11107,input.ETHAR0,0
351_FBIS3-11107,input.LIArel2,0
351_FBIS3-11107,input.t7miti1,1
351_FBIS3-11107,input.unc7aal2,1
351_FBIS3-11107,input.nectitechall,1
351_FBIS3-11107,input.ibms98b,1
351_FBIS3-11107,input.ic98san3,0
351_FBIS3-11107,input.INQ502,1
351_FBIS3-11107,input.LNaTitDesc7,0
351_FBIS3-11107,input.APL985LC,0
351_FBIS3-11107,input.mds98td,0
351_FBIS3-11107,input.KD71010q,0
351_FBIS3-11107,input.LNaTit7,0
351_FBIS3-11107,input.APL985L,0
351_FBIS3-11107,input.kslsV1,0
351_FBIS3-11107,input.nectitechdes,1
351_FBIS3-11107,input.ibms98c,1
351_FBIS3-11107,input.CLARIT98RANK,1
351_FBIS3-11107,input.acsys7as,0
351_FBIS3-11107,input.ibms98a,1
351_FBIS3-11107,input.acsys7al,0
351_FBIS3-11107,input.pirc8Ad,0
351_FBIS3-11107,input.umd98a1,0
351_FBIS3-11107,input.jalbse013,0
351_FBIS3-11107,input.jalbse012,0
351_FBIS3-11107,input.pirc8At,0
351_FBIS3-11107,input.tno7tw4,0
351_FBIS3-11107,input.gersh3,0
351_FBIS3-11107,input.att98atde,1
351_FBIS3-11107,input.Cor7A3rrf,0
351_FBIS3-11107,input.ic98san4,0
351_FBIS3-11107,input.ScaiTrec7,0
351_FBIS3-11107,input.fub98a,1
351_FBIS3-11107,input.MerAdRbtd,0
351_FBIS3-11107,input.Cor7A2rrd,0
351_FBIS3-11107,input.uoftimgu,1
351_FBIS3-11107,input.Brkly26,1
351_FBIS3-10697,input.dsir07a01,0
351_FBIS3-10697,input.mds98t,0
351_FBIS3-10697,input.ibms98b,0
351_FBIS3-10697,input.uoftimgr,1
351_FBIS3-10697,input.fsclt7m,0
351_FBIS3-10697,input.LIAClass,0
351_FBIS3-10697,input.jalbse012,0
351_FBIS3-10697,input.CLARIT98RANK,1
351_FBIS3-10697,input.gersh1,1
351_FBIS3-10697,input.LIArel2,0
351_FBIS3-10697,input.nthu3,0
351_FBIS3-10697,input.Cor7A3rrf,0
351_FBIS3-10697,input.jalbse011,0
351_FBIS3-10697,input.ibmg98b,0
351_FBIS3-10697,input.Brkly24,0
351_FBIS3-10697,input.mds98t2,0
351_FBIS3-10697,input.MerAdRbtd,0
351_FBIS3-10697,input.nsasgrp4,1
351_FBIS3-10697,input.kslsV1,0
351_FBIS3-10697,input.tno7cbm25,0
351_FBIS3-10697,input.gersh2,0
351_FBIS3-10697,input.fub98a,0
351_FBIS3-10697,input.ok7ax,1
351_FBIS3-10697,input.KD70000,0
351_FBIS3-10697,input.LNaTit7,0
351_FBIS3-10697,input.att98atdc,1
351_FBIS3-10697,input.ScaiTrec7,0
351_FBIS3-10697,input.APL985L,0
351_FBIS3-10697,input.iit98ma1,1
351_FBIS3-10697,input.acsys7mi,0
351_FBIS3-10697,input.AntHoc01,0
351_FBIS3-10697,input.ibms98c,1
351_FBIS3-10697,input.Cor7A1clt,0
351_FBIS3-10697,input.att98atc,1
351_FBIS3-10697,input.tno7tw4,0
351_FBIS3-10697,input.uoftimgu,1
351_FBIS3-10697,input.nttdata7Al2,0
351_FBIS3-10697,input.MerTetAdtnd,0
351_FBIS3-10697,input.gersh3,0
351_FBIS3-10697,input.uwmt7a2,1
351_FBIS3-10697,input.uwmt7a1,0
351_FBIS3-10697,input.iit98au1,0
351_FBIS3-10697,input.fsclt7a,0
351_FBIS3-10697,input.jalbse013,0
351_FBIS3-10697,input.pirc8Aa2,1
351_FBIS3-10697,input.att98atde,1
351_FBIS3-10697,input.KD71010s,0
351_FBIS3-10697,input.nthu2,0
351_FBIS3-10697,input.ok7as,1
351_FBIS3-10697,input.nectitech,0
351_FBIS3-10697,input.pirc8At,1
351_FBIS3-10697,input.ibms98a,1
351_FBIS3-10697,input.nsasgrp3,1
351_FBIS3-10697,input.ibmg98c,0
351_FBIS3-10697,input.pirc8Ad,1
351_FBIS3-10697,input.umd98a2,1
351_FBIS3-10697,input.FLab7ad,1
351_FBIS3-10697,input.ibmg98a,0
351_FBIS3-10697,input.INQ503,1
351_FBIS3-10697,input.LNmanual7,0
351_FBIS3-10697,input.Cor7A2rrd,0
351_FBIS3-10697,input.LIAshort2,0
351_FBIS3-10697,input.iowacuhk1,1
351_FBIS3-10697,input.APL985LC,0
351_FBIS3-10697,input.Brkly26,1
351_FBIS3-10697,input.CLARIT98CLUS,1
351_FBIS3-10697,input.mds98td,0
351_FBIS3-10697,input.nthu1,0
351_FBIS3-10697,input.iowacuhk2,1
351_FBIS3-10697,input.MerAdRbtnd,0
351_FBIS3-10697,input.dsir07a02,0
351_FBIS3-10697,input.acsys7al,0
351_FBIS3-10697,input.bbn1,0
351_FBIS3-10697,input.ETHAR0,0
351_FBIS3-10697,input.uwmt7a0,0
351_FBIS3-10697,input.lanl981,0
351_FBIS3-10697,input.iit98au2,0
351_FBIS3-10697,input.nttdata7Al0,0
351_FBIS3-10697,input.LNaTitDesc7,0
351_FBIS3-10697,input.nttdata7At1,0
351_FBIS3-10889,input.KD70000,0
351_FBIS3-10889,input.nectitechall,0
351_FBIS3-10889,input.APL985SC,0
351_FBIS3-10889,input.ok7am,0
351_FBIS3-10889,input.FLab7atE,0
351_FBIS3-10889,input.nectitech,0
351_FBIS3-10889,input.fub98b,0
351_FBIS3-10889,input.tno7cbm25,0
351_FBIS3-10889,input.uwmt7a2,0
351_FBIS3-10889,input.Brkly25,0
351_FBIS3-10889,input.INQ502,0
351_FBIS3-10889,input.FLab7ad,0
351_FBIS3-10889,input.fsclt7m,0
351_FBIS3-10889,input.jalbse011,0
351_FBIS3-10889,input.bbn1,0
351_FBIS3-10889,input.iit98au1,0
351_FBIS3-10889,input.uoftimgu,0
351_FBIS3-10889,input.MerAdRbtd,0
351_FBIS3-10889,input.nectitechdes,0
351_FBIS3-10889,input.mds98td,0
351_FBIS3-10889,input.umd98a1,0
351_FBIS3-10889,input.nthu1,0
351_FBIS3-10889,input.CLARIT98COMB,0
351_FBIS3-10889,input.nsasgrp3,0
351_FBIS3-10889,input.Cor7A1clt,0
351_FBIS3-10889,input.LIArel2,0
351_FBIS3-10889,input.CLARIT98RANK,0
351_FBIS3-10889,input.dsir07a02,1
351_FBIS3-10889,input.ETHAC0,0
351_FBIS3-10889,input.iowacuhk1,0
351_FBIS3-10889,input.unc7aal2,0
351_FBIS3-10889,input.nsasgrp4,0
351_FBIS3-10889,input.nttdata7At1,0
351_FBIS3-10889,input.LNaTit7,0
351_FBIS3-10889,input.iit98ma1,0
351_FBIS3-10889,input.nttdata7Al0,0
351_FBIS3-10889,input.nthu2,0
351_FBIS3-10889,input.lanl981,0
351_FBIS3-10889,input.ETHAR0,0
351_FBIS3-10889,input.uoftimgr,0
351_FBIS3-10889,input.harris1,0
351_FBIS3-10889,input.nttdata7Al2,0
351_FBIS3-10889,input.KD71010s,0
351_FBIS3-10889,input.acsys7mi,0
351_FBIS3-10889,input.nthu3,0
351_FBIS3-10889,input.ibmg98c,0
351_FBIS3-10889,input.MerTetAdtnd,0
351_FBIS3-10889,input.unc7aal1,0
351_FBIS3-10889,input.fsclt7a,0
351_FBIS3-10889,input.CLARIT98CLUS,0
351_FBIS3-10889,input.gersh1,0
351_FBIS3-10889,input.mds98t2,0
351_FBIS3-10889,input.ic98san3,0
351_FBIS3-10889,input.uwmt7a1,0
351_FBIS3-10889,input.Cor7A2rrd,0
351_FBIS3-10889,input.dsir07a01,1
351_FBIS3-10889,input.Brkly26,0
351_FBIS3-10889,input.jalbse012,0
351_FBIS3-10889,input.ok7as,0
351_FBIS3-10889,input.jalbse013,0
351_FBIS3-10889,input.FLab7at,0
351_FBIS3-10889,input.tno7tw4,0
351_FBIS3-10889,input.att98atdc,0
351_FBIS3-10889,input.tno7exp1,0
351_FBIS3-10889,input.Brkly24,0
351_FBIS3-10889,input.ibms98a,0
351_FBIS3-10889,input.APL985LC,0
351_FBIS3-10889,input.mds98t,0
351_FBIS3-10889,input.LIAshort2,0
351_FBIS3-10889,input.pirc8Aa2,0
351_FBIS3-10889,input.pirc8At,0
351_FBIS3-10889,input.ic98san4,0
351_FBIS3-10889,input.kslsV1,0
351_FBIS3-10889,input.gersh2,0
351_FBIS3-10889,input.iit98au2,0
351_FBIS3-10889,input.Cor7A3rrf,0
351_FBIS3-10889,input.INQ503,0
351_FBIS3-10889,input.ibmg98a,0
351_FBIS3-10889,input.umd98a2,0
351_FBIS3-10889,input.KD71010q,0
351_FBIS3-10551,input.CLARIT98RANK,1
351_FBIS3-10551,input.Cor7A2rrd,0
351_FBIS3-10551,input.kslsV1,0
351_FBIS3-10551,input.nthu2,0
351_FBIS3-10551,input.APL985LC,0
351_FBIS3-10551,input.fsclt7a,0
351_FBIS3-10551,input.Brkly24,0
351_FBIS3-10551,input.acsys7mi,1
351_FBIS3-10551,input.gersh1,0
351_FBIS3-10551,input.tno7tw4,1
351_FBIS3-10551,input.nsasgrp4,1
351_FBIS3-10551,input.pirc8Aa2,0
351_FBIS3-10551,input.INQ502,0
351_FBIS3-10551,input.APL985SC,0
351_FBIS3-10551,input.att98atc,1
351_FBIS3-10551,input.ETHAR0,0
351_FBIS3-10551,input.CLARIT98CLUS,1
351_FBIS3-10551,input.INQ503,0
351_FBIS3-10551,input.KD71010q,0
351_FBIS3-10551,input.t7miti1,1
351_FBIS3-10551,input.mds98td,1
351_FBIS3-10551,input.MerAdRbtnd,0
351_FBIS3-10551,input.nttdata7At1,0
351_FBIS3-10551,input.unc7aal1,0
351_FBIS3-10551,input.umd98a2,0
351_FBIS3-10551,input.jalbse013,1
351_FBIS3-10551,input.iit98ma1,1
351_FBIS3-10551,input.umd98a1,0
351_FBIS3-10551,input.nectitechdes,0
351_FBIS3-10551,input.nthu3,0
351_FBIS3-10551,input.pirc8Ad,0
351_FBIS3-10551,input.CLARIT98COMB,1
351_FBIS3-10551,input.FLab7atE,0
351_FBIS3-10551,input.ETHAB0,1
351_FBIS3-10551,input.nttdata7Al2,0
351_FBIS3-10551,input.mds98t2,1
351_FBIS3-10551,input.KD70000,0
351_FBIS3-10551,input.MerAdRbtd,0
351_FBIS3-10551,input.APL985L,0
351_FBIS3-10551,input.fub98b,0
351_FBIS3-10551,input.ibmg98c,0
351_FBIS3-10551,input.LNaTitDesc7,0
351_FBIS3-10551,input.LNaTit7,1
351_FBIS3-10551,input.jalbse012,0
351_FBIS3-10551,input.ok7ax,1
351_FBIS3-10551,input.nsasgrp3,0
351_FBIS3-10551,input.jalbse011,0
351_FBIS3-10551,input.nectitech,0
351_FBIS3-10551,input.ibms98a,1
351_FBIS3-10551,input.LNmanual7,0
351_FBIS3-10551,input.att98atde,1
351_FBIS3-10551,input.tno7exp1,1
351_FBIS3-10551,input.uoftimgu,1
351_FBIS3-10551,input.harris1,1
351_FBIS3-10551,input.MerTetAdtnd,1
351_FBIS3-10551,input.nthu1,0
351_FBIS3-10551,input.ibmg98a,0
351_FBIS3-10551,input.dsir07a01,1
351_FBIS3-10551,input.tno7cbm25,0
351_FBIS3-10551,input.bbn1,1
351_FBIS3-10551,input.iowacuhk1,1
351_FBIS3-10551,input.ibmg98b,0
351_FBIS3-10551,input.AntHoc01,0
351_FBIS3-10551,input.uwmt7a1,1
351_FBIS3-10551,input.ibms98b,1
351_FBIS3-10551,input.Cor7A1clt,1
351_FBIS3-10551,input.LIAshort2,0
351_FBIS3-10551,input.acsys7as,1
351_FBIS3-10551,input.gersh3,0
351_FBIS3-10551,input.fsclt7m,1
351_FBIS3-10551,input.iit98au1,0
351_FBIS3-10551,input.ic98san3,1
351_FBIS3-10551,input.iit98au2,0
351_FBIS3-10551,input.FLab7at,0
351_FBIS3-10551,input.ETHAC0,0
351_FBIS3-10551,input.ScaiTrec7,0
351_FBIS3-10551,input.fub98a,0
351_FBIS3-10551,input.nttdata7Al0,0
351_FBIS3-10551,input.Cor7A3rrf,0
351_FBIS3-10551,input.INQ501,0
351_FBIS3-10464,input.nttdata7Al2,0
351_FBIS3-10464,input.uwmt7a0,0
351_FBIS3-10464,input.INQ503,0
351_FBIS3-10464,input.Brkly26,0
351_FBIS3-10464,input.MerAdRbtnd,0
351_FBIS3-10464,input.ibmg98b,0
351_FBIS3-10464,input.ic98san4,0
351_FBIS3-10464,input.pirc8Aa2,0
351_FBIS3-10464,input.bbn1,0
351_FBIS3-10464,input.jalbse013,0
351_FBIS3-10464,input.ibms98c,0
351_FBIS3-10464,input.APL985SC,0
351_FBIS3-10464,input.iit98ma1,0
351_FBIS3-10464,input.unc7aal2,0
351_FBIS3-10464,input.Cor7A3rrf,0
351_FBIS3-10464,input.CLARIT98COMB,0
351_FBIS3-10464,input.dsir07a02,0
351_FBIS3-10464,input.iit98au2,0
351_FBIS3-10464,input.fub98a,0
351_FBIS3-10464,input.uoftimgr,1
351_FBIS3-10464,input.MerTetAdtnd,0
351_FBIS3-10464,input.ETHAR0,0
351_FBIS3-10464,input.jalbse012,0
351_FBIS3-10464,input.ibms98b,0
351_FBIS3-10464,input.mds98td,0
351_FBIS3-10464,input.umd98a1,0
351_FBIS3-10464,input.pirc8Ad,0
351_FBIS3-10464,input.INQ501,0
351_FBIS3-10464,input.LNaTitDesc7,0
351_FBIS3-10464,input.harris1,1
351_FBIS3-10464,input.jalbse011,0
351_FBIS3-10464,input.APL985L,0
351_FBIS3-10464,input.ibmg98a,0
351_FBIS3-10464,input.CLARIT98CLUS,0
351_FBIS3-10464,input.uoftimgu,1
351_FBIS3-10464,input.CLARIT98RANK,0
351_FBIS3-10464,input.nthu2,0
351_FBIS3-10464,input.Brkly25,0
351_FBIS3-10464,input.mds98t2,0
351_FBIS3-10464,input.nthu1,0
351_FBIS3-10464,input.LIArel2,0
351_FBIS3-10464,input.att98atdc,0
351_FBIS3-10464,input.nsasgrp4,0
351_FBIS3-10464,input.acsys7al,0
351_FBIS3-10464,input.nsasgrp3,0
351_FBIS3-10464,input.FLab7at,0
351_FBIS3-10464,input.lanl981,0
351_FBIS3-10464,input.AntHoc01,0
351_FBIS3-10464,input.nectitech,0
351_FBIS3-10464,input.tno7tw4,0
351_FBIS3-10464,input.att98atc,0
351_FBIS3-10464,input.unc7aal1,0
351_FBIS3-10464,input.MerAdRbtd,0
351_FBIS3-10464,input.mds98t,0
351_FBIS3-10464,input.ibms98a,0
351_FBIS3-10464,input.nttdata7At1,0
351_FBIS3-10464,input.ETHAB0,0
351_FBIS3-10464,input.nttdata7Al0,0
351_FBIS3-10464,input.ic98san3,0
351_FBIS3-10464,input.KD71010q,0
351_FBIS3-10464,input.ScaiTrec7,0
351_FBIS3-10464,input.tno7exp1,0
351_FBIS3-10464,input.att98atde,0
351_FBIS3-10464,input.Cor7A2rrd,0
351_FBIS3-10464,input.INQ502,0
351_FBIS3-10464,input.kslsV1,0
351_FBIS3-10464,input.Brkly24,0
351_FBIS3-10464,input.ok7as,1
351_FBIS3-10464,input.ok7ax,1
351_FBIS3-10464,input.nectitechdes,0
351_FBIS3-10464,input.LNaTit7,0
351_FBIS3-10464,input.dsir07a01,0
351_FBIS3-10464,input.uwmt7a1,0
351_FBIS3-10464,input.gersh2,0
351_FBIS3-10464,input.iit98au1,0
351_FBIS3-10464,input.LIAClass,0
351_FBIS3-10464,input.gersh3,0
351_FBIS3-10464,input.umd98a2,0
351_FBIS3-10464,input.iowacuhk1,0
351_FBIS3-10464,input.acsys7as,0
351_FBIS3-10698,input.uoftimgr,0
351_FBIS3-10698,input.Cor7A2rrd,0
351_FBIS3-10698,input.uoftimgu,0
351_FBIS3-10698,input.unc7aal1,0
351_FBIS3-10698,input.fub98a,0
351_FBIS3-10698,input.CLARIT98COMB,0
351_FBIS3-10698,input.harris1,1
351_FBIS3-10698,input.umd98a1,0
351_FBIS3-10698,input.att98atc,0
351_FBIS3-10698,input.pirc8Ad,0
351_FBIS3-10698,input.umd98a2,0
351_FBIS3-10698,input.LNaTitDesc7,0
351_FBIS3-10698,input.MerAdRbtd,0
351_FBIS3-10698,input.AntHoc01,0
351_FBIS3-10698,input.FLab7atE,0
351_FBIS3-10698,input.ic98san4,0
351_FBIS3-10698,input.Cor7A1clt,0
351_FBIS3-10698,input.nthu2,0
351_FBIS3-10698,input.pirc8Aa2,0
351_FBIS3-10698,input.LNaTit7,0
351_FBIS3-10698,input.iit98ma1,0
351_FBIS3-10698,input.INQ501,0
351_FBIS3-10698,input.ok7ax,0
351_FBIS3-10698,input.ScaiTrec7,0
351_FBIS3-10698,input.nthu1,0
351_FBIS3-10698,input.ibmg98b,0
351_FBIS3-10698,input.fsclt7a,0
351_FBIS3-10698,input.LIAClass,0
351_FBIS3-10698,input.iowacuhk2,0
351_FBIS3-10698,input.uwmt7a1,0
351_FBIS3-10698,input.ibms98c,0
351_FBIS3-10698,input.iit98au1,0
351_FBIS3-10698,input.gersh1,0
351_FBIS3-10698,input.mds98td,0
351_FBIS3-10698,input.att98atde,0
351_FBIS3-10698,input.ibmg98a,0
351_FBIS3-10698,input.acsys7mi,0
351_FBIS3-10698,input.ic98san3,0
351_FBIS3-10698,input.FLab7at,0
351_FBIS3-10698,input.Brkly24,0
351_FBIS3-10698,input.Brkly25,0
351_FBIS3-10698,input.KD70000,0
351_FBIS3-10698,input.nectitechdes,0
351_FBIS3-10698,input.uwmt7a2,0
351_FBIS3-10698,input.APL985L,0
351_FBIS3-10698,input.nttdata7At1,0
351_FBIS3-10698,input.FLab7ad,0
351_FBIS3-10698,input.kslsV1,0
351_FBIS3-10698,input.nsasgrp3,0
351_FBIS3-10698,input.nttdata7Al2,0
351_FBIS3-10698,input.LIAshort2,0
351_FBIS3-10698,input.nectitechall,0
351_FBIS3-10698,input.gersh2,0
351_FBIS3-10698,input.ibms98b,0
351_FBIS3-10698,input.jalbse013,0
351_FBIS3-10698,input.dsir07a01,0
351_FBIS3-10698,input.bbn1,0
351_FBIS3-10698,input.nectitech,0
351_FBIS3-10698,input.att98atdc,0
351_FBIS3-10698,input.jalbse012,0
351_FBIS3-10698,input.ibmg98c,0
351_FBIS3-10698,input.tno7exp1,0
351_FBIS3-10698,input.ETHAR0,0
351_FBIS3-10698,input.t7miti1,0
351_FBIS3-10698,input.acsys7al,0
351_FBIS3-10698,input.CLARIT98RANK,0
351_FBIS3-10698,input.tno7cbm25,0
351_FBIS3-10698,input.pirc8At,0
351_FBIS3-10698,input.LNmanual7,0
351_FBIS3-10698,input.iowacuhk1,0
351_FBIS3-10698,input.MerAdRbtnd,0
351_FBIS3-10698,input.ok7as,1
351_FBIS3-10698,input.INQ503,0
351_FBIS3-10698,input.MerTetAdtnd,0
351_FBIS3-10698,input.ETHAC0,0
351_FBIS3-10698,input.iit98au2,0
351_FBIS3-10698,input.mds98t,0
351_FBIS3-10698,input.Brkly26,0
351_FBIS3-10698,input.unc7aal2,0
351_FBIS3-10698,input.jalbse011,0
